function y = object1(X)
v=[0.40 0.51 0.91 0.70 2.73 1.02 0.77 0.69 0.64 0.72 0.63 1.67 1.78 4.09 2.35 2.40 2.60 3.85 0.81 0.88 1.48 1.35 0.64 0.49 0.32 0.60 3.39 0.56 2.85 3.34 0.73 0.31 0.42];
y=0;
y = y+(-28.286+2.909 * X(1,1)+3.168 * X(1,2)-2.21 * X(1,3)+1.24 * X(1,4)-0.043 * X(1,5)-0.548 * X(1,6)+2.835 * X(1,7)-0.43 * X(1,8)+1.049 * X(1,9)+0.328 *X(1,10)+3.9 * X(1,11)-1.261 * X(1,12))*X(1,1)-X(1,34)*v(1,1);
y = y+(-19.285+0.422 * X(1,1)+1.577 * X(1,2)+0.044 * X(1,3)+0.599 * X(1,4)-0.22 * X(1,5)+0.565 * X(1,6)+1.489 * X(1,7)+1.463 * X(1,8)-0.047 * X(1,9)+1.678 *X(1,10)+1.505 * X(1,11)-1.474 * X(1,12))*X(1,2)-X(1,35)*v(1,2);
y = y+(6.276-2.985 * X(1,1)+2.885 * X(1,2)+1.053 * X(1,3)+2.433 * X(1,4)-0.621 * X(1,5)+0.255 * X(1,6)-1.37 * X(1,7)-0.285 * X(1,8)-0.663 * X(1,9)+1.005 *X(1,10)+0.139 * X(1,11)-1.812 * X(1,12))*X(1,3)-X(1,36)*v(1,3);
y = y+(33.018-2.095 * X(1,1)-0.887 * X(1,2)+2.356 * X(1,3)-1.28 * X(1,4)-0.227 * X(1,5)-0.788 * X(1,6)-1.199 * X(1,7)+0.465 * X(1,8)-0.669 * X(1,9)-0.718 *X(1,10)-3.092 * X(1,11)+0.648 * X(1,12))*X(1,4)-X(1,37)*v(1,4);
y = y+(-4.493-0.241 * X(1,1)+0.897 * X(1,2)-0.211 * X(1,3)+0.991 * X(1,4)-0.096 * X(1,5)+0.313 * X(1,6)+0.077 * X(1,7)+0.331 * X(1,8)-0.108 * X(1,9)+0.219 *X(1,10)+0.667 * X(1,11)-1.132 * X(1,12))*X(1,5)-X(1,38)*v(1,5);
y = y+(44.172+2.014 * X(1,1)+4.203 * X(1,2)-4.008 * X(1,3)-2.448 * X(1,4)-0.127 * X(1,5)+5.332 * X(1,6)-10.043 * X(1,7)+6.731 * X(1,8)-1.623 * X(1,9)-2.427 *X(1,10)+2.963 * X(1,11)-3.134 * X(1,12))*X(1,6)-X(1,39)*v(1,6);
y = y+(-7.289+1.381 * X(1,1)+0.912 * X(1,2)-0.677 * X(1,3)-1.079 * X(1,4)-0.04 * X(1,5)-0.426 * X(1,6)+0.529 * X(1,7)-0.725 * X(1,8)+0.584 * X(1,9)+0.763 *X(1,10)+1.24 * X(1,11)+1.353 * X(1,12))*X(1,7)-X(1,40)*v(1,7);
y = y+(-1.418-1.118 * X(1,1)-0.083 * X(1,2)+1.247 * X(1,3)+0.041 * X(1,4)-0.177 * X(1,5)+0.267 * X(1,6)+0.182 * X(1,7)+0.386 * X(1,8)-0.356 * X(1,9)+1.027 *X(1,10)-0.795 * X(1,11)+0.265 * X(1,12))*X(1,8)-X(1,41)*v(1,8);
y = y+(11.019-0.144 * X(1,1)+1.307 * X(1,2)-0.687 * X(1,3)+2.122 * X(1,4)-0.02 * X(1,5)-0.991 * X(1,6)+0.637 * X(1,7)-2.2 * X(1,8)+0.423 * X(1,9)-1.4 *X(1,10)+0.678 * X(1,11)-0.327 * X(1,12))*X(1,9)-X(1,42)*v(1,9);
y = y+(-60.537-5.597 * X(1,1)+16.676 * X(1,2)-6.698 * X(1,3)+21.064 * X(1,4)-1.468 * X(1,5)+9.832 * X(1,6)-4.713 * X(1,7)+5.102 * X(1,8)-2.783 * X(1,9)+3.015 *X(1,10)+13.67 * X(1,11)-20.486 * X(1,10))*X(1,43)-X(1,43)*v(1,10);
y = y+(4.456-3.153 * X(1,1)+6.92 * X(1,2)-0.697 * X(1,3)+6.609 * X(1,4)-0.843 * X(1,5)+1.712 * X(1,6)-2.101 * X(1,7)-0.916 * X(1,8)-0.804 * X(1,9)+0.118 *X(1,10)+2.956 * X(1,11)-3.785 * X(1,12))*X(1,11)-X(1,44)*v(1,11);
y = y+(21.825+1.73 * X(1,1)-1.793 * X(1,2)+0.24 * X(1,3)-5.431 * X(1,4)+0.151 * X(1,5)+0.075 * X(1,6)-2.066 * X(1,7)+0.7 * X(1,8)+0.164 * X(1,9)+0.428 *X(1,10)-1.261 * X(1,11)+4.283 * X(1,12))*X(1,12)-X(1,45)*v(1,12);
y = y+(47.729-1.97*X(1,13)-0.781*X(1,14))*X(1,13)-X(1,46)*v(1,13);
y = y+(61.389-0.657*X(1,13)-3.589*X(1,14))*X(1,14)-X(1,47)*v(1,14);
y = y+(253.809+8.137*X(1,15)+3.69*X(1,16)-24.346*X(1,17)-3.377*X(1,18))*X(1,15)-X(1,48)*v(1,15);
y = y+(252.081-2.224*X(1,15)-1.396*X(1,16)-16.005*X(1,17)+1.188*X(1,18))*X(1,16)-X(1,49)*v(1,16);
y = y+(32.364+4.053*X(1,15)+1.276*X(1,16)-5.346*X(1,17)-1.429*X(1,18))*X(1,17)-X(1,50)*v(1,17);
y = y+(227.835-2.662*X(1,15)-1.151*X(1,16)-13.842*X(1,17)+1.084*X(1,18))*X(1,18)-X(1,51)*v(1,18);
y = y+(21.614+2.215*X(1,19)-1.85*X(1,20)-0.744*X(1,21))*X(1,19)-X(1,52)*v(1,19);
y = y+(3.681+1.51*X(1,19)+1.965*X(1,20)-1.716*X(1,21))*X(1,20)-X(1,53)*v(1,20);
y = y+(-20.219+0.983*X(1,19)-3.001*X(1,20)+3.207*X(1,21))*X(1,21)-X(1,54)*v(1,21);
y = y+(576.048-5.131 * X(1,22)-58.75 * X(1,23)-36.989 * X(1,24)-1.82 * X(1,25)+1.078 * X(1,26)-0.596 * X(1,27)-2.661 * X(1,28)+1.568 * X(1,29))*X(1,22)-X(1,55)*v(1,22);
y = y+(-105.398-4.703 * X(1,22)+11.803 * X(1,23)+8.412 * X(1,24)-1.442 * X(1,25)+2.727 * X(1,26)-0.525 * X(1,27)+3.057 * X(1,28)+2.622 * X(1,29))*X(1,23)-X(1,56)*v(1,23);
y = y+(498.019-3.811 * X(1,22)-43.215 * X(1,23)-26.299 * X(1,24)-1.246 * X(1,25)+1.421 * X(1,26)-0.986 * X(1,27)-12.892 * X(1,28)+0.811 * X(1,29))*X(1,24)-X(1,57)*v(1,24);
y = y+(906.395-10.183 * X(1,22)-98.763 * X(1,23)-62.021 * X(1,24)-3.43 * X(1,25)+1.78 * X(1,26)+0.049 * X(1,27)-2.45 * X(1,28)+5.42 * X(1,29))*X(1,25)-X(1,25)*v(1,25);
y = y+(967.796-10.209 * X(1,22)-90.402 * X(1,23)-55.651 * X(1,24)-3.385 * X(1,25)+3.238 * X(1,26)-0.589 * X(1,27)-14.645 * X(1,28)+1.071 * X(1,29))*X(1,26)-X(1,59)*v(1,26);
y = y+(-56.777+0.281 * X(1,22)+5.59 * X(1,23)+3.571 * X(1,24)+0.057 * X(1,25)+0.124 * X(1,26)+0.028 * X(1,27)+0.414 * X(1,28)+0.108 * X(1,29))*X(1,27)-X(1,60)*v(1,27);
y = y+(-202.775+2.855 * X(1,22)+21.495 * X(1,23)+12.608 * X(1,24)+1.574 * X(1,25)-2.673 * X(1,26)-0.423 * X(1,27)+6.84 * X(1,28)-1.232 * X(1,29))*X(1,28)-X(1,61)*v(1,28);
y = y+(94.549-2.459 * X(1,22)-10.099 * X(1,23)-6.081 * X(1,24)-0.685 * X(1,25)+0.646 * X(1,26)-0.11 * X(1,27)-0.294 * X(1,28)+1.328 * X(1,29))*X(1,29)-X(1,62)*v(1,29);
y = y+(2822.993-115.277*X(1,30)-6.288*X(1,31)-12.719*X(1,32)+1.742*X(1,33))*X(1,30)-X(1,63)*v(1,30);
y = y+(2186.678-89.318*X(1,30)-1.723*X(1,31)-14.691*X(1,32)+1.168*X(1,33))*X(1,31)-X(1,64)*v(1,31);
y = y+(10421.116-430.926*X(1,30)-8.675*X(1,31)-47.276*X(1,32)+27.157*X(1,33))*X(1,32)-X(1,65)*v(1,32);
y = y+(2683.37-112.073*X(1,30)+11.615*X(1,31)-33.871*X(1,32)+7.699*X(1,33))*X(1,33)-X(1,66)*v(1,33);
y=y/7;
end